input-layer-neurons-number: 4
hidden-layer-neurons-number: 8
output-layer-neurons-number: 3
weight-between-input-layer-and-hidden-layer:
-1.46884843100708528674	-2.13429096402491458306	-4.01936614239306333474	-1.47353433012264156687	3.42338775359017954969	-2.73633746894423657281	2.03302728045231484444	-1.87458855483418074250
4.33599164107807855117	-1.48026084826323711674	10.31276943521293532058	2.75370561668210767081	-4.11488208340275374297	7.81646747923483697917	-3.07577352095936484844	-0.75089082363982573298
3.17058172069392130155	3.42370390941856506117	-7.39642876627693990343	2.95099835770052054684	4.87826222548600441087	-7.39228370393096589908	2.41338054818567737669	3.50392147620874183644
7.61723784291288552595	6.77901186719318538110	-7.61030851683494624638	7.07692710948327796672	3.94139717069917905334	-9.44389338947330969631	1.12828867729509951801	7.66353928885945467897
weight-between-hidden-layer-and-output-layer:
-0.18449506527077300100	0.62510398347901019456	-1.25294611909246422776
-0.54023096743540066633	2.10980842801222978622	-1.94872155348014053367
2.11934695287939289798	-1.36167587902117626086	-2.27755275573700144420
-0.58137206570415445039	0.66686196223249849524	-1.43771414443597933541
-2.03920538232195269757	0.20709489783339810054	0.63161844640175779375
1.44586972482891096270	-1.72988966255431164676	-1.49172204208431402606
-2.08095614196503486681	0.25339673593783695882	0.74446559626832153889
-0.29901063239782815772	2.09669916314327631213	-1.92246433576032860202
bias-for-hidden-layer:
-6.27947672282329705240	-5.40132035184069891898	-1.29930101924446872452	-5.07820411690170736563	-2.54475675069162177167	0.81066338142006699741	-1.11842329969904374920	-6.03288620488888227555	
bias-for-output-layer:
-0.70898071864931622166	-2.69880523598458399448	1.05616761866659891744	